9606 0.9
35722 0.8
97098 0.8
64648 0.9
101091 0.8
246409 0.9
688661 0.9
91625 0.9
44442 0.9
4874 0.9
27376 0.9
144679 0.9
144530 0.9
1117311 0.9
27381 0.9
1432141 0.8
645134 0.9
1357716 0.9
246404 0.9
43049 0.9
117179 0.9
13290 0.9
425264 0.9
425265 0.9
280036 0.9
999809 0.9
120017 0.9
84754 0.9
84753 0.8
84751 0.8
294750 0.9
1296110 0.9
1296111 0.8
1296105 0.8
1295533 0.9
1295531 0.8
564305 0.9
1651941 0.8
1423913 0.9
1296120 0.8
1296121 0.8
104408 0.8
1672016 0.9
1220162 0.9
143232 0.9
154538 0.7
1111947 0.7
98765 0.7
194682 0.8
2056292 0.7
3059160 0
5627 0.9
109895 0.9
27342 0.8
108892 0.9
235443 0.8
205917 0.7
721885 0.9
1859122 0.8
1095465 0.8
933852 0.9
1582974 0.7
13291 0.9
1423351 0.8
2828524 0.9
2316362 0.9
84607 0.9
2480587 0.8
231916 0.8
201217 0.8
1314674 0.9
2862362 0.8
2018698 0.8
2733690 0.8
1938954 0.9
230812 0.6
367775 0.8
181124 0.8
1109443 0.8
5353 0.6
1331196 0.9
2823264 0.7
39966 0.7
104357 0.9
1128425 0.9
703135 0.9
181874 0.9
933084 0.9
741705 0.9
180088 0.9
1299270 0.9
1540922 0.9
289078 0.9
269621 0.9
1130832 0.9
741276 0.9
630390 0.9
483514 0.9
653667 0.9
1408658 0.9
1408657 0.9
1097556 0.9
45286 0.8
284811 0.8
931890 0.8
284590 0.8
1427455 0.8
4911 0.8
1266667 0.8
1445577 0.9
871575 0.8
1209068 0.9
29833 0.9
158606 0.8
418459 0.9
1573173 0.9
1347390 0.9
5467 0.9
578113 0.9
2175906 0.9
27288 0.8
182062 0.7
663331 0.9
45151 0.9
5074 0.9
44093 0.8
2093779 0.9
48703 0.9
284812 0.9
340414 0.9
515849 0.9
156630 0.9
242507 0.9
91930 0.9
85995 0.9
1340428 0.9
1825666 0.9
1286976 0.9
1882269 0.9
1229662 0.9
1187904 0.9
1195481 0.9
2588326 0.9
1209934 0.9
231269 0.9
1836956 0.9
1245528 0.8
990691 0.9
1209931 0.9
335842 0.9
335849 0.8
335848 0.9
869390 0.9
2905665 0.9
87230 0.9
114810 0.8
1389203 0.8
37992 0.9
2528407 0.9
173218 0.9
284591 0.9
138068 0.9
42375 0.9
2060906 0.9
1081103 0.9
1071378 0.8
559295 0.8
1810919 0.9
2447956 0.7
1337664 0.8
502779 0.9
5078 0.9
447093 0.9
34388 0.9
1381753 0.7
43959 0.8
647933 0.9
47428 0.7
1775926 0.8
2545709 0.9
663202 0.9
105696 0.9
1382522 0.8
86804 0.8
656916 0.9
1220188 0.9
339359 0.9
398673 0.9
357750 0.9
332952 0.9
2093777 0.9
28573 0.9
2175873 0.9
2093780 0.9
91492 0.9
293939 0.9
1077348 0.8
1506179 0.9
1287682 0.9
138278 0.9
698492 0.9
746836 0.9
454130 0.9
73230 0.9
644358 0.9
1230905 0.8
105351 0.9
1093900 0.9
2070753 0.9
2773716 0.9
56646 0.9
2126181 0.9
1209926 0.9
126998 0.9
40994 0.9
2601811 0.9
41990 0.9
69771 0.9
344612 0.9
1230383 0.9
5270 0.9
1567541 0.9
500485 0.9
1296103 0.8
109264 0.9
1132637 0.9
112498 0.9
2034170 0.9
150365 0.9
559297 0.9
911720 0.9
1348616 0.9
1337665 0.9
1214573 0.9
225359 0.9
392613 0.9
1324776 0.9
321146 0.9
685502 0.9
1276538 0.9
585594 0.9
3151616 0.9
1365824 0.9
2606893 0.7
1937702 0.8
38038 0.9
215465 0.9
1052096 0.9
97331 0.9
1263415 0.9
1296096 0.9
138064 0.9
5007 0.8
3151832 0.9
379508 0.8
56408 0.8
94130 0.9
2972119 0.9
36646 0.9
2609844 0.9
708187 0.9
158607 0.8
2060905 0.9
286661 0.9
5142 0.9
5217 0.9
1658444 0.9
212602 0.9
86049 0.9
5486 0.6
5083 0.9
253628 0.9
236234 0.7
751941 0.9
2082308 0.9
1306861 0.9
655844 0.9
117010 0.8
29845 0.9
1047168 0.9
227321 0.9
2773714 0.9
2819901 0.9
468837 0.9
1215331 0.9
43265 0.9
5580 0.9
121627 0.9
33203 0.9
1460502 0.9
94208 0.9
237561 0.8
644352 0.9
254877 0.9
1442369 0.9
223376 0.9
113226 0.9
1214568 0.8
1157608 0.9
933095 0.9
63820 0.9
1295528 0.9
212818 0.9
86259 0.9
1131581 0.9
1314670 0.9
1356009 0.9
418781 0.9
436907 0.7
708197 0.9
111012 0.9
177199 0.9
2512241 0.9
1303443 0.9
425011 0.9
214684 0.8
2781224 0.9
1347389 0.9
119953 0.9
764103 0.8
1076935 0.9
38457 0.9
1305764 0.9
1284197 0.9
655827 0.9
48097 0.9
332648 0.9
1349383 0.9
5539 0.9
1069680 0.9
254056 0.9
2591691 0.9
5643 0.8
160281 0.9
33205 0.9
441960 0.9
51915 0.8
1316786 0.9
1796055 0.9
1209924 0.9
1378263 0.8
2839758 0.9
45133 0.9
602035 0.9
5321 0.8
28548 0.9
559307 0.8
335852 0.9
2656787 0.9
683840 0.9
148305 0.8
1209932 0.9
303698 0.9
119927 0.9
2972120 0.9
655863 0.9
310453 0.9
48485 0.9
1835702 0.9
559298 0.9
1654605 0.8
1509407 0.9
293559 0.9
55169 0.9
1131564 0.9
128442 0.9
5499 0.9
502780 0.9
278938 0.9
136370 0.9
2792576 0.9
1447875 0.9
56406 0.9
1442368 0.9
561895 0.9
1442371 0.9
2478750 0.9
5466 0.9
4950 0.8
158046 0.9
45579 0.8
241081 0.9
63383 0.9
980116 0.8
77044 0.9
1442370 0.9
1035309 0.9
1353009 0.9
856822 0.9
569365 0.9
519963 0.9
1095194 0.9
184061 0.9
2175907 0.9
294748 0.8
69766 0.9
858893 0.9
91626 0.9
559882 0.9
1073089 0.9
1671311 0.9
1441469 0.9
1734106 0.8
771870 0.9
441959 0.9
870730 0.8
448051 0.8
1408163 0.9
559292 0.8
1658174 0.9
1279085 0.9
1170229 0.9
61262 0.8
1429867 0.9
3140254 0.9
205686 0.9
367110 0.9
60172 0.9
1081104 0.9
48697 0.9
34406 0.9
1336337 0.9
2282107 0.8
62708 0.9
2100454 0.9
293382 0.9
933388 0.9
215460 0.9
1303715 0.9
36035 0.8
84275 0.9
60175 0.9
1213857 0.9
474922 0.9
104259 0.9
1043628 0.9
1196081 0.9
58627 0.8
70096 0.9
1531966 0.9
1266666 0.8
354080 0.9
1227364 0.8
5076 0.9
599839 0.7
416450 0.9
1198029 0.9
189055 0.9
252190 0.9
535722 0.9
229535 0.9
240176 0.7
291208 0.8
46634 0.9
1365484 0.9
1491479 0.9
1209917 0.9
336963 0.9
1209916 0.9
1914294 0.9
145971 0.9
1213859 0.9
34407 0.9
690259 0.9
282569 0.8
702518 0.9
861557 0.9
1173701 0.9
273372 0.8
100787 0.8
1108050 0.7
160290 0.9
2747967 0.9
4955 0.8
2019550 0.9
49012 0.9
57161 0.9
72032 0.9
5077 0.9
41688 0.9
563466 0.9
331117 0.9
100816 0.9
1283841 0.9
1095631 0.8
2686198 0.9
401625 0.9
65468 0.9
1230097 0.8
1071383 0.8
1157616 0.8
857340 0.9
1094350 0.9
1328300 0.9
246410 0.9
1926264 0.9
160324 0.9
1295534 0.8
93591 0.9
655819 0.9
1567544 0.9
756982 0.9
2231603 0.9
1081108 0.9
1081107 0.9
27334 0.9
52247 0.8
167371 0.9
491253 0.9
500148 0.9
1072389 0.9
654480 0.9
1567552 0.9
116970 0.9
1491466 0.9
858221 0.9
914238 0.9
47721 0.7
1491008 0.9
1111077 0.9
1280523 0.9
1081109 0.9
1081102 0.9
5516 0.9
1380566 0.9
79588 0.9
1316785 0.9
157183 0.9
1399860 0.8
2596975 0.9
1314807 0.9
282268 0.9
278948 0.9
42677 0.9
4829 0.9
78410 0.8
595255 0.8
42747 0.8
2364996 0.9
105482 0.8
44412 0.9
573826 0.8
1053134 0.9
2502994 0.9
1208366 0.9
1433469 0.9
192010 0.9
64495 0.9
2078593 0.9
40199 0.9
5515 0.9
2675880 0.9
1227346 0.9
1367422 0.9
155416 0.9
221167 0.9
42673 0.9
42672 0.9
48507 0.9
229533 0.9
2664923 0.9
576137 0.9
48495 0.9
273131 0.8
402676 0.9
48490 0.9
490622 0.9
56676 0.9
749465 0.9
78864 0.9
40296 0.9
294747 0.8
1028729 0.9
946125 0.9
1296100 0.8
1291518 0.9
694270 0.9
38488 0.9
1163406 0.9
179993 0.9
5514 0.9
1198502 0.8
278943 0.9
1237068 0.9
111463 0.9
72228 0.9
1159556 0.9
98403 0.9
2004952 0.9
40998 0.9
323545 0.9
2060973 0.9
48140 0.4
1330021 0.9
1213867 0.9
1664694 0.9
268505 0.9
1071382 0.8
45235 0.9
342668 0.9
27349 0.9
658429 0.9
546991 0.9
703756 0.9
52586 0.9
1245769 0.8
353542 0.9
215461 0.9
59557 0.9
1316788 0.9
279322 0.9
602034 0.9
1432307 0.9
665079 0.9
61186 0.9
1136231 0.8
4909 0.8
61207 0.9
2041049 0.9
38448 0.9
796027 0.8
54673 0.9
278944 0.9
87229 0.9
330879 0.9
1964551 0.9
759273 0.9
1316194 0.9
278940 0.9
139641 0.9
308745 0.9
559304 0.8
573508 0.9
2795749 0.9
1116229 0.9
139825 0.8
5005 0.9
33178 0.9
63821 0.9
595503 0.9
565419 0.9
45607 0.8
307758 0.9
1071380 0.8
1849047 0.9
1165861 0.9
36050 0.9
108571 0.9
708070 0.8
86028 0.9
1378264 0.8
497107 0.8
1043627 0.9
599730 0.8
13370 0.8
45357 0.6
5046 0.9
498019 0.9
418784 0.8
1789683 0.8
1231522 0.8
2163413 0.8
1233043 0.9
1247836 0.8
78861 0.9
1173061 0.8
2773715 0.9
27317 0.8
155417 0.9
47803 0.9
451804 0.9
284592 0.8
658473 0.6
645133 0.9
148631 0.8
559305 0.9
150374 0.9
1072105 0.8
467808 0.8
1194566 0.9
983644 0.9
88771 0.9
578454 0.8
5454 0.9
306902 0.9
759272 0.9
294746 0.9
796604 0.9
5477 0.9
1649241 0.9
36015 0.8
4926 0.9
43982 0.9
460523 0.8
981350 0.8
4922 0.9
554155 0.9
644223 0.8
45354 0.8
1209925 0.9
211096 0.9
1071381 0.8
1247861 0.9
284593 0.8
1080349 0.8
205924 0.5
72144 0.9
230603 0.8
2030778 0.9
5481 0.8
48254 0.6
56174 0.8
226230 0.7
226126 0.8
4972 0.9
1160507 0.9
285006 0.8
1333698 0.8
42260 0.8
