100787 2 1 0 0 
100816 1 0 0 0 
101091 2 0 0 0 
1028729 1 0 0 0 
1035309 1 0 0 0 
104259 1 0 0 0 
104357 0 0 0 0 
1043627 1 0 0 0 
1043628 1 0 0 0 
104408 2 0 0 0 
1047168 1 0 0 0 
1052096 1 0 0 0 
1053134 0 0 0 0 
105351 1 0 0 0 
105482 0 0 0 0 
105696 1 0 0 0 
1069680 1 0 0 0 
1071378 2 0 0 0 
1071380 2 0 0 0 
1071381 2 0 0 0 
1071382 2 0 0 0 
1071383 2 0 0 0 
1072105 2 0 0 0 
1072389 1 0 0 0 
1073089 1 0 0 0 
1076935 1 0 0 0 
1077348 2 0 0 0 
1080349 0 0 0 0 
1081102 1 0 0 0 
1081103 1 0 0 0 
1081104 1 0 0 0 
1081107 1 0 0 0 
1081108 1 0 0 0 
1081109 0 0 0 0 
108571 0 0 0 0 
108892 1 0 0 0 
109264 1 0 0 0 
1093900 1 0 0 0 
1094350 1 0 0 0 
1095194 1 0 0 0 
1095465 2 0 0 0 
1095631 1 0 0 0 
1097556 1 0 0 0 
109895 1 0 0 0 
1108050 3 0 0 0 
1109443 2 0 0 0 
111012 1 0 0 0 
1111077 1 0 0 0 
1111947 3 0 0 0 
111463 1 0 0 0 
1116229 1 0 0 0 
1117311 1 0 0 0 
112498 0 0 0 0 
1128425 1 0 0 0 
1130832 1 0 0 0 
1131564 1 0 0 0 
1131581 1 0 0 0 
113226 1 0 0 0 
1132637 1 0 0 0 
1136231 2 0 0 0 
114810 2 0 0 0 
1157608 0 0 0 0 
1157616 2 1 0 0 
1159556 1 0 0 0 
1160507 1 0 0 0 
1163406 1 0 0 0 
1165861 1 0 0 0 
116970 1 0 0 0 
117010 2 0 0 0 
1170229 1 0 0 0 
117179 1 0 0 0 
1173061 2 0 0 0 
1173701 1 0 0 0 
1187904 1 0 0 0 
1194566 1 0 0 0 
1195481 1 0 0 0 
1196081 1 0 0 0 
1198029 0 0 0 0 
1198502 2 0 0 0 
119927 1 0 0 0 
119953 1 0 0 0 
120017 1 0 0 0 
1208366 1 0 0 0 
1209068 1 0 0 0 
1209916 1 0 0 0 
1209917 1 0 0 0 
1209924 0 0 0 0 
1209925 1 0 0 0 
1209926 1 0 0 0 
1209931 1 0 0 0 
1209932 1 0 0 0 
1209934 0 0 0 0 
1213857 1 0 0 0 
1213859 1 0 0 0 
1213867 1 0 0 0 
1214568 2 0 0 0 
1214573 1 0 0 0 
1215331 1 0 0 0 
121627 1 0 0 0 
1220162 1 0 0 0 
1220188 1 0 0 0 
1227346 1 0 0 0 
1227364 2 0 0 0 
1229662 1 0 0 0 
1230097 2 0 0 0 
1230383 1 0 0 0 
1230905 2 0 0 0 
1231522 1 0 0 0 
1233043 0 0 0 0 
1237068 1 0 0 0 
1245528 2 0 0 0 
1245769 2 0 0 0 
1247836 2 0 0 0 
1247861 0 0 0 0 
1263415 1 0 0 0 
1266666 2 0 0 0 
1266667 2 0 0 0 
126998 1 0 0 0 
1276538 1 0 0 0 
1279085 1 0 0 0 
1280523 1 0 0 0 
1283841 1 0 0 0 
1284197 1 0 0 0 
128442 1 0 0 0 
1286976 1 0 0 0 
1287682 1 0 0 0 
1291518 1 0 0 0 
1295528 1 0 0 0 
1295531 2 0 0 0 
1295533 1 0 0 0 
1295534 2 0 0 0 
1296096 1 0 0 0 
1296100 2 0 0 0 
1296103 0 0 0 0 
1296105 0 0 0 0 
1296110 1 0 0 0 
1296111 0 0 0 0 
1296120 2 0 0 0 
1296121 2 0 0 0 
1299270 1 0 0 0 
1303443 1 0 0 0 
1303715 1 0 0 0 
1305764 1 0 0 0 
1306861 1 0 0 0 
1314670 1 0 0 0 
1314674 1 0 0 0 
1314807 1 0 0 0 
1316194 1 0 0 0 
1316785 1 0 0 0 
1316786 1 0 0 0 
1316788 1 0 0 0 
1324776 1 0 0 0 
1328300 0 0 0 0 
13290 1 0 0 0 
13291 1 0 0 0 
1330021 0 0 0 0 
1331196 1 0 0 0 
1333698 2 0 0 0 
1336337 1 0 0 0 
13370 2 0 0 0 
1337664 0 0 0 0 
1337665 1 0 0 0 
1340428 1 0 0 0 
1347389 1 0 0 0 
1347390 1 0 0 0 
1348616 1 0 0 0 
1349383 0 0 0 0 
1353009 1 0 0 0 
1356009 1 0 0 0 
1357716 0 0 0 0 
136370 1 0 0 0 
1365484 1 0 0 0 
1365824 1 0 0 0 
1367422 1 0 0 0 
1378263 2 0 0 0 
1378264 2 0 0 0 
1380566 1 0 0 0 
138064 0 0 0 0 
138068 0 0 0 0 
1381753 3 0 0 0 
1382522 2 0 0 0 
138278 1 0 0 0 
1389203 2 0 0 0 
139641 1 0 0 0 
139825 2 0 0 0 
1399860 2 1 0 0 
1408163 1 0 0 0 
1408657 1 0 0 0 
1408658 1 0 0 0 
1423351 2 0 0 0 
1423913 1 0 0 0 
1427455 2 0 0 0 
1429867 1 0 0 0 
1432141 2 0 0 0 
1432307 1 0 0 0 
143232 1 0 0 0 
1433469 1 0 0 0 
1441469 1 0 0 0 
1442368 1 0 0 0 
1442369 1 0 0 0 
1442370 1 0 0 0 
1442371 1 0 0 0 
144530 1 0 0 0 
1445577 1 0 0 0 
144679 1 0 0 0 
1447875 1 0 0 0 
145971 1 0 0 0 
1460502 1 0 0 0 
148305 1 0 0 0 
148631 0 0 0 0 
1491008 1 0 0 0 
1491466 1 0 0 0 
1491479 1 0 0 0 
150365 1 0 0 0 
150374 1 0 0 0 
1506179 1 0 0 0 
1509407 1 0 0 0 
1531966 1 0 0 0 
1540922 1 0 0 0 
154538 3 0 0 0 
155416 0 0 0 0 
155417 1 0 0 0 
156630 1 0 0 0 
1567541 1 0 0 0 
1567544 1 0 0 0 
1567552 1 0 0 0 
157183 1 0 0 0 
1573173 1 0 0 0 
158046 1 0 0 0 
1582974 1 0 0 0 
158606 0 0 0 0 
158607 2 0 0 0 
160281 1 0 0 0 
160290 1 0 0 0 
160324 1 0 0 0 
1649241 1 0 0 0 
1651941 2 0 0 0 
1654605 2 0 0 0 
1658174 1 0 0 0 
1658444 1 0 0 0 
1664694 1 0 0 0 
1671311 1 0 0 0 
1672016 1 0 0 0 
167371 1 0 0 0 
173218 1 0 0 0 
1734106 2 0 0 0 
177199 1 0 0 0 
1775926 0 0 0 0 
1789683 2 0 0 0 
1796055 1 0 0 0 
179993 1 0 0 0 
180088 1 0 0 0 
1810919 1 0 0 0 
181124 2 1 0 0 
181874 1 0 0 0 
182062 3 0 0 0 
1825666 1 0 0 0 
1835702 1 0 0 0 
1836956 1 0 0 0 
184061 1 0 0 0 
1849047 1 0 0 0 
1859122 0 0 0 0 
1882269 1 0 0 0 
189055 1 0 0 0 
1914294 0 0 0 0 
192010 1 0 0 0 
1926264 1 0 0 0 
1937702 0 0 0 0 
1938954 1 0 0 0 
194682 0 0 0 0 
1964551 1 0 0 0 
2004952 1 0 0 0 
201217 2 0 0 0 
2018698 2 0 0 0 
2019550 0 0 0 0 
2030778 1 0 0 0 
2034170 1 0 0 0 
2041049 1 0 0 0 
2056292 3 0 0 0 
205686 1 0 0 0 
205917 3 0 0 0 
205924 5 4 0 0 
2060905 1 0 0 0 
2060906 1 0 0 0 
2060973 1 0 0 0 
2070753 1 0 0 0 
2078593 1 0 0 0 
2082308 1 0 0 0 
2093777 0 0 0 0 
2093779 0 0 0 0 
2093780 0 0 0 0 
2100454 1 0 0 0 
211096 1 0 0 0 
212602 1 0 0 0 
2126181 1 0 0 0 
212818 1 0 0 0 
214684 2 0 0 0 
215460 1 0 0 0 
215461 1 0 0 0 
215465 1 0 0 0 
2163413 2 0 0 0 
2175873 1 0 0 0 
2175906 1 0 0 0 
2175907 1 0 0 0 
221167 1 0 0 0 
2231603 1 0 0 0 
223376 0 0 0 0 
225359 1 0 0 0 
226126 2 0 0 0 
226230 2 0 0 0 
227321 1 0 0 0 
2282107 2 0 0 0 
229533 1 0 0 0 
229535 1 0 0 0 
230603 0 0 0 0 
230812 4 0 0 0 
231269 1 0 0 0 
2316362 1 0 0 0 
231916 2 0 0 0 
235443 2 0 0 0 
236234 3 0 0 0 
2364996 1 0 0 0 
237561 2 0 0 0 
240176 3 0 0 0 
241081 1 0 0 0 
242507 1 0 0 0 
2447956 3 0 0 0 
246404 1 0 0 0 
246409 1 0 0 0 
246410 1 0 0 0 
2478750 0 0 0 0 
2480587 2 0 0 0 
2502994 1 0 0 0 
2512241 0 0 0 0 
252190 1 0 0 0 
2528407 1 0 0 0 
253628 1 0 0 0 
254056 1 0 0 0 
2545709 1 0 0 0 
254877 1 0 0 0 
2588326 1 0 0 0 
2591691 1 0 0 0 
2596975 1 0 0 0 
2601811 1 0 0 0 
2606893 3 0 0 0 
2609844 0 0 0 0 
2656787 1 0 0 0 
2664923 1 0 0 0 
2675880 1 0 0 0 
268505 1 0 0 0 
2686198 1 0 0 0 
269621 1 0 0 0 
27288 2 0 0 0 
273131 0 0 0 0 
27317 0 0 0 0 
27334 1 0 0 0 
2733690 2 0 0 0 
273372 2 0 0 0 
27342 2 0 0 0 
27349 1 0 0 0 
27376 0 0 0 0 
27381 1 0 0 0 
2747967 0 0 0 0 
2773714 1 0 0 0 
2773715 1 0 0 0 
2773716 1 0 0 0 
2781224 0 0 0 0 
278938 1 0 0 0 
278940 1 0 0 0 
278943 1 0 0 0 
278944 1 0 0 0 
278948 1 0 0 0 
2792576 1 0 0 0 
279322 1 0 0 0 
2795749 1 0 0 0 
280036 1 0 0 0 
2819901 1 0 0 0 
282268 1 0 0 0 
2823264 3 0 0 0 
282569 2 0 0 0 
2828524 1 0 0 0 
2839758 1 0 0 0 
284590 2 0 0 0 
284591 1 0 0 0 
284592 2 0 0 0 
284593 2 0 0 0 
284811 2 0 0 0 
284812 1 0 0 0 
285006 2 0 0 0 
28548 1 0 0 0 
28573 1 0 0 0 
2862362 2 0 0 0 
286661 1 0 0 0 
289078 1 0 0 0 
2905665 0 0 0 0 
291208 2 0 0 0 
293382 1 0 0 0 
293559 1 0 0 0 
293939 1 0 0 0 
294746 1 0 0 0 
294747 2 0 0 0 
294748 2 0 0 0 
294750 1 0 0 0 
2972119 1 0 0 0 
2972120 1 0 0 0 
29833 0 0 0 0 
29845 1 0 0 0 
303698 1 0 0 0 
3059160 0 0 0 0 
306902 1 0 0 0 
307758 1 0 0 0 
308745 1 0 0 0 
310453 0 0 0 0 
3140254 1 0 0 0 
3151616 1 0 0 0 
3151832 1 0 0 0 
321146 1 0 0 0 
323545 1 0 0 0 
330879 1 0 0 0 
331117 1 0 0 0 
33178 1 0 0 0 
33203 1 0 0 0 
33205 1 0 0 0 
332648 1 0 0 0 
332952 1 0 0 0 
335842 0 0 0 0 
335848 0 0 0 0 
335849 0 0 0 0 
335852 0 0 0 0 
336963 0 0 0 0 
339359 1 0 0 0 
340414 1 0 0 0 
342668 1 0 0 0 
34388 1 0 0 0 
34406 1 0 0 0 
34407 1 0 0 0 
344612 1 0 0 0 
353542 1 0 0 0 
354080 1 0 0 0 
35722 2 0 0 0 
357750 1 0 0 0 
36015 2 0 0 0 
36035 2 0 0 0 
36050 1 0 0 0 
36646 1 0 0 0 
367110 1 0 0 0 
367775 2 0 0 0 
379508 2 0 0 0 
37992 1 0 0 0 
38038 1 0 0 0 
38448 1 0 0 0 
38457 1 0 0 0 
38488 1 0 0 0 
392613 1 0 0 0 
398673 1 0 0 0 
39966 3 0 0 0 
401625 1 0 0 0 
40199 1 0 0 0 
402676 1 0 0 0 
40296 1 0 0 0 
40994 1 0 0 0 
40998 1 0 0 0 
416450 1 0 0 0 
41688 0 0 0 0 
418459 1 0 0 0 
418781 1 0 0 0 
418784 2 0 0 0 
41990 1 0 0 0 
42260 2 0 0 0 
42375 0 0 0 0 
425011 1 0 0 0 
425264 1 0 0 0 
425265 1 0 0 0 
42672 1 0 0 0 
42673 1 0 0 0 
42677 1 0 0 0 
42747 2 0 0 0 
43049 1 0 0 0 
43265 1 0 0 0 
436907 3 0 0 0 
43959 2 0 0 0 
43982 1 0 0 0 
44093 2 0 0 0 
441959 1 0 0 0 
441960 1 0 0 0 
44412 1 0 0 0 
44442 1 0 0 0 
447093 1 0 0 0 
448051 2 0 0 0 
45133 1 0 0 0 
45151 1 0 0 0 
451804 1 0 0 0 
45235 0 0 0 0 
45286 2 0 0 0 
45354 2 0 0 0 
45357 2 0 0 0 
454130 1 0 0 0 
45579 2 0 0 0 
45607 2 0 0 0 
460523 2 0 0 0 
46634 1 0 0 0 
467808 0 0 0 0 
468837 0 0 0 0 
47428 3 0 0 0 
474922 1 0 0 0 
47721 3 0 0 0 
47803 1 0 0 0 
48097 1 0 0 0 
48140 6 0 0 0 
48254 4 1 0 0 
4829 1 0 0 0 
483514 1 0 0 0 
48485 1 0 0 0 
48490 1 0 0 0 
48495 1 0 0 0 
48507 1 0 0 0 
48697 1 0 0 0 
48703 0 0 0 0 
4874 1 0 0 0 
49012 1 0 0 0 
490622 1 0 0 0 
4909 2 0 0 0 
4911 0 0 0 0 
491253 0 0 0 0 
4922 1 0 0 0 
4926 1 0 0 0 
4950 2 0 0 0 
4955 2 0 0 0 
497107 2 0 0 0 
4972 1 0 0 0 
498019 1 0 0 0 
500148 1 0 0 0 
500485 1 0 0 0 
5005 1 0 0 0 
5007 2 0 0 0 
502779 1 0 0 0 
502780 1 0 0 0 
5046 1 0 0 0 
5074 1 0 0 0 
5076 0 0 0 0 
5077 1 0 0 0 
5078 1 0 0 0 
5083 1 0 0 0 
5142 0 0 0 0 
515849 1 0 0 0 
51915 2 0 0 0 
519963 1 0 0 0 
5217 1 0 0 0 
52247 2 0 0 0 
52586 1 0 0 0 
5270 1 0 0 0 
5321 0 0 0 0 
5353 4 0 0 0 
535722 1 0 0 0 
5454 1 0 0 0 
5466 1 0 0 0 
5467 0 0 0 0 
54673 1 0 0 0 
546991 1 0 0 0 
5477 1 0 0 0 
5481 2 0 0 0 
5486 4 2 0 0 
5499 1 0 0 0 
5514 1 0 0 0 
5515 0 0 0 0 
5516 1 0 0 0 
55169 1 0 0 0 
5539 1 0 0 0 
554155 1 0 0 0 
5580 0 0 0 0 
559292 2 0 0 0 
559295 2 0 0 0 
559297 0 0 0 0 
559298 1 0 0 0 
559304 2 0 0 0 
559305 1 0 0 0 
559307 2 0 0 0 
559882 1 0 0 0 
56174 2 0 0 0 
561895 0 0 0 0 
5627 1 0 0 0 
563466 0 0 0 0 
56406 1 0 0 0 
56408 0 0 0 0 
5643 2 0 0 0 
564305 0 0 0 0 
565419 1 0 0 0 
56646 1 0 0 0 
56676 1 0 0 0 
569365 1 0 0 0 
57161 0 0 0 0 
573508 1 0 0 0 
573826 2 0 0 0 
576137 1 0 0 0 
578113 1 0 0 0 
578454 2 0 0 0 
585594 1 0 0 0 
58627 2 0 0 0 
595255 2 0 0 0 
595503 1 0 0 0 
59557 1 0 0 0 
599730 2 0 0 0 
599839 3 0 0 0 
60172 1 0 0 0 
60175 1 0 0 0 
602034 1 0 0 0 
602035 1 0 0 0 
61186 1 0 0 0 
61207 1 0 0 0 
61262 2 0 0 0 
62708 1 0 0 0 
630390 1 0 0 0 
63383 1 0 0 0 
63820 1 0 0 0 
63821 1 0 0 0 
644223 2 0 0 0 
644352 1 0 0 0 
644358 1 0 0 0 
64495 1 0 0 0 
645133 1 0 0 0 
645134 1 0 0 0 
64648 0 0 0 0 
647933 1 0 0 0 
653667 1 0 0 0 
654480 1 0 0 0 
65468 0 0 0 0 
655819 1 0 0 0 
655827 1 0 0 0 
655844 1 0 0 0 
655863 1 0 0 0 
656916 1 0 0 0 
658429 1 0 0 0 
658473 1 0 0 0 
663202 1 0 0 0 
663331 1 0 0 0 
665079 1 0 0 0 
683840 1 0 0 0 
685502 1 0 0 0 
688661 1 0 0 0 
690259 1 0 0 0 
694270 1 0 0 0 
69766 1 0 0 0 
69771 1 0 0 0 
698492 1 0 0 0 
70096 1 0 0 0 
702518 1 0 0 0 
703135 1 0 0 0 
703756 1 0 0 0 
708070 2 0 0 0 
708187 1 0 0 0 
708197 1 0 0 0 
72032 1 0 0 0 
72144 0 0 0 0 
721885 1 0 0 0 
72228 1 0 0 0 
73230 1 0 0 0 
741276 1 0 0 0 
741705 1 0 0 0 
746836 1 0 0 0 
749465 0 0 0 0 
751941 1 0 0 0 
756982 1 0 0 0 
759272 1 0 0 0 
759273 1 0 0 0 
764103 2 1 0 0 
77044 1 0 0 0 
771870 1 0 0 0 
78410 2 0 0 0 
78861 1 0 0 0 
78864 1 0 0 0 
79588 0 0 0 0 
796027 2 0 0 0 
796604 1 0 0 0 
84275 1 0 0 0 
84607 1 0 0 0 
84751 2 0 0 0 
84753 2 0 0 0 
84754 1 0 0 0 
856822 1 0 0 0 
857340 1 0 0 0 
858221 1 0 0 0 
858893 1 0 0 0 
85995 0 0 0 0 
86028 0 0 0 0 
86049 1 0 0 0 
861557 1 0 0 0 
86259 1 0 0 0 
86804 2 1 0 0 
869390 1 0 0 0 
870730 0 0 0 0 
871575 2 0 0 0 
87229 1 0 0 0 
87230 1 0 0 0 
88771 1 0 0 0 
911720 1 0 0 0 
914238 1 0 0 0 
91492 0 0 0 0 
91625 1 0 0 0 
91626 1 0 0 0 
91930 1 0 0 0 
931890 2 0 0 0 
933084 1 0 0 0 
933095 1 0 0 0 
933388 1 0 0 0 
933852 1 0 0 0 
93591 0 0 0 0 
94130 1 0 0 0 
94208 1 0 0 0 
946125 1 0 0 0 
9606 1 0 0 0 
97098 2 0 0 0 
97331 1 0 0 0 
980116 2 0 0 0 
981350 2 0 0 0 
983644 1 0 0 0 
98403 1 0 0 0 
98765 3 1 0 0 
990691 0 0 0 0 
999809 1 0 0 0 
node_0 13 12 10 0 
node_1 22 11 21 0 
node_10 2 0 2 0 
node_100 21 0 21 0 
node_101 20 0 20 0 
node_102 19 0 19 0 
node_103 18 0 17 0 
node_104 18 0 18 0 
node_105 17 0 17 0 
node_106 16 0 15 0 
node_107 17 1 16 0 
node_108 17 0 16 0 
node_109 17 0 16 0 
node_11 4 0 4 0 
node_110 18 1 17 0 
node_111 18 0 18 0 
node_112 17 0 17 0 
node_113 16 0 16 0 
node_114 15 0 15 0 
node_115 14 0 14 0 
node_116 13 0 13 0 
node_117 12 0 11 0 
node_118 12 0 12 0 
node_119 11 0 11 0 
node_12 3 0 3 0 
node_120 10 0 10 0 
node_121 9 0 9 0 
node_122 8 0 8 0 
node_123 9 2 8 0 
node_124 10 1 9 0 
node_125 10 0 10 0 
node_126 9 0 8 0 
node_127 9 0 9 0 
node_128 8 0 7 0 
node_129 8 0 8 0 
node_13 2 0 2 0 
node_130 7 0 7 0 
node_131 6 0 6 0 
node_132 5 0 5 0 
node_133 4 0 4 0 
node_134 3 0 3 0 
node_135 2 0 2 0 
node_136 1 0 1 0 
node_137 10 3 8 0 
node_138 7 0 7 0 
node_139 6 0 6 0 
node_14 5 1 3 0 
node_140 5 0 5 0 
node_141 4 0 4 0 
node_142 3 0 3 0 
node_143 2 0 2 0 
node_144 3 2 2 0 
node_145 3 0 2 0 
node_146 3 0 3 0 
node_147 2 0 2 0 
node_148 5 4 4 0 
node_149 5 0 5 0 
node_15 4 0 4 0 
node_150 4 0 3 0 
node_151 4 0 3 0 
node_152 3 0 3 0 
node_153 3 0 3 0 
node_154 2 0 2 0 
node_155 2 0 2 0 
node_156 5 0 4 0 
node_157 5 0 5 0 
node_158 4 0 4 0 
node_159 3 0 3 0 
node_16 3 0 2 0 
node_160 2 0 2 0 
node_161 3 0 3 0 
node_162 2 0 1 0 
node_163 2 0 2 0 
node_164 1 0 1 0 
node_165 4 3 3 0 
node_166 2 0 2 0 
node_167 3 0 3 0 
node_168 4 2 3 0 
node_169 4 0 3 0 
node_17 5 2 3 0 
node_170 4 0 4 0 
node_171 3 0 3 0 
node_172 2 0 2 0 
node_173 5 4 4 0 
node_174 4 0 4 0 
node_175 3 0 3 0 
node_176 2 0 2 0 
node_177 1 0 0 0 
node_178 2 0 1 0 
node_179 2 0 2 0 
node_18 5 0 4 0 
node_180 1 0 0 0 
node_181 1 0 1 0 
node_182 3 0 2 0 
node_183 18 15 15 0 
node_184 11 0 11 0 
node_185 3 0 3 0 
node_186 3 1 1 0 
node_187 3 0 3 0 
node_188 2 0 1 0 
node_189 1 0 0 0 
node_19 7 5 6 0 
node_190 3 1 2 0 
node_191 2 0 2 0 
node_192 1 0 1 0 
node_193 1 0 1 0 
node_194 1 0 1 0 
node_195 2 0 1 0 
node_196 2 0 2 0 
node_197 1 0 1 0 
node_198 1 0 1 0 
node_199 0 0 0 0 
node_2 11 2 10 0 
node_20 3 0 3 0 
node_200 0 0 0 0 
node_201 0 0 0 0 
node_202 0 0 0 0 
node_203 0 0 0 0 
node_204 1 0 1 0 
node_205 0 0 0 0 
node_206 8 0 8 0 
node_207 10 4 9 0 
node_208 6 0 6 0 
node_209 5 0 5 0 
node_21 2 0 2 0 
node_210 4 0 4 0 
node_211 4 0 4 0 
node_212 3 0 3 0 
node_213 2 0 1 0 
node_214 2 0 2 0 
node_215 1 0 0 0 
node_216 1 0 0 0 
node_217 1 0 0 0 
node_218 1 0 0 0 
node_219 5 0 5 0 
node_22 5 0 5 0 
node_220 4 0 4 0 
node_221 2 0 2 0 
node_222 1 0 0 0 
node_223 1 0 0 0 
node_224 1 0 1 0 
node_225 1 0 1 0 
node_226 2 0 2 0 
node_227 2 0 2 0 
node_228 1 0 1 0 
node_229 2 1 1 0 
node_23 2 0 2 0 
node_230 2 0 2 0 
node_231 1 0 1 0 
node_232 1 0 1 0 
node_233 1 0 1 0 
node_234 1 0 1 0 
node_235 1 0 1 0 
node_236 4 2 2 0 
node_237 4 1 3 0 
node_238 3 0 3 0 
node_239 2 0 2 0 
node_24 3 0 3 0 
node_240 4 1 3 0 
node_241 4 0 4 0 
node_242 10 0 10 0 
node_243 3 0 3 0 
node_244 1 0 0 0 
node_245 4 3 3 0 
node_246 4 0 3 0 
node_247 6 2 5 0 
node_248 4 0 3 0 
node_249 4 0 3 0 
node_25 2 0 2 0 
node_250 5 2 4 0 
node_251 3 0 2 0 
node_252 3 0 3 0 
node_253 2 0 2 0 
node_254 1 0 1 0 
node_255 1 0 0 0 
node_256 2 1 1 0 
node_257 2 0 2 0 
node_258 3 0 3 0 
node_259 2 0 2 0 
node_26 2 1 1 0 
node_260 2 0 2 0 
node_261 1 0 0 0 
node_262 2 1 1 0 
node_263 2 0 2 0 
node_264 1 0 0 0 
node_265 9 6 8 0 
node_266 9 0 9 0 
node_267 8 0 8 0 
node_268 7 0 7 0 
node_269 7 0 7 0 
node_27 2 0 2 0 
node_270 6 0 6 0 
node_271 5 0 5 0 
node_272 5 0 5 0 
node_273 4 0 4 0 
node_274 3 0 3 0 
node_275 2 0 2 0 
node_276 2 0 2 0 
node_277 3 2 2 0 
node_278 3 0 2 0 
node_279 3 0 2 0 
node_28 1 0 0 0 
node_280 3 0 3 0 
node_281 2 0 1 0 
node_282 2 0 2 0 
node_283 1 0 0 0 
node_284 2 0 2 0 
node_285 1 0 0 0 
node_286 1 0 1 0 
node_287 1 0 0 0 
node_288 1 0 1 0 
node_289 1 0 1 0 
node_29 1 0 0 0 
node_290 9 2 6 0 
node_291 9 0 9 0 
node_292 7 0 6 0 
node_293 6 0 6 0 
node_294 5 0 5 0 
node_295 3 0 2 0 
node_296 2 0 2 0 
node_297 1 0 0 0 
node_298 2 0 1 0 
node_299 2 0 2 0 
node_3 10 0 10 0 
node_30 1 0 0 0 
node_300 1 0 0 0 
node_301 2 1 1 0 
node_302 2 0 1 0 
node_303 2 0 2 0 
node_304 1 0 1 0 
node_305 4 2 3 0 
node_306 3 0 3 0 
node_307 2 0 2 0 
node_308 1 0 1 0 
node_309 1 0 1 0 
node_31 1 0 0 0 
node_310 1 0 0 0 
node_311 1 0 0 0 
node_312 2 0 2 0 
node_313 1 0 0 0 
node_314 2 1 1 0 
node_315 1 0 1 0 
node_316 7 5 6 0 
node_317 7 0 7 0 
node_318 6 0 6 0 
node_319 5 0 5 0 
node_32 1 0 1 0 
node_320 4 0 3 0 
node_321 4 0 4 0 
node_322 3 0 2 0 
node_323 3 0 3 0 
node_324 2 0 2 0 
node_325 1 0 1 0 
node_326 3 1 2 0 
node_327 3 0 3 0 
node_328 2 0 2 0 
node_329 2 0 1 0 
node_33 1 0 0 0 
node_330 2 0 2 0 
node_331 1 0 1 0 
node_332 6 5 5 0 
node_333 6 0 5 0 
node_334 6 0 6 0 
node_335 5 0 5 0 
node_336 4 0 4 0 
node_337 3 0 3 0 
node_338 2 0 2 0 
node_339 3 1 1 0 
node_34 4 0 4 0 
node_340 3 0 2 0 
node_341 2 0 1 0 
node_342 5 3 4 0 
node_343 15 11 13 0 
node_344 8 1 7 0 
node_345 8 0 8 0 
node_346 7 0 7 0 
node_347 7 0 7 0 
node_348 6 0 6 0 
node_349 5 0 4 0 
node_35 4 1 3 0 
node_350 5 0 5 0 
node_351 5 0 5 0 
node_352 4 0 4 0 
node_353 3 0 2 0 
node_354 1 0 1 0 
node_355 0 0 0 0 
node_356 1 0 0 0 
node_357 10 0 9 0 
node_358 11 1 10 0 
node_359 11 0 11 0 
node_36 3 0 2 0 
node_360 10 0 9 0 
node_361 10 0 9 0 
node_362 10 0 9 0 
node_363 10 0 10 0 
node_364 9 0 9 0 
node_365 8 0 7 0 
node_366 8 0 8 0 
node_367 7 0 7 0 
node_368 6 0 6 0 
node_369 5 0 5 0 
node_37 1 0 1 0 
node_370 4 0 4 0 
node_371 3 0 2 0 
node_372 3 0 3 0 
node_373 2 0 2 0 
node_374 5 3 4 0 
node_375 5 0 5 0 
node_376 4 0 4 0 
node_377 4 1 3 0 
node_378 4 0 3 0 
node_379 4 0 4 0 
node_38 2 0 2 0 
node_380 3 0 3 0 
node_381 2 0 2 0 
node_382 1 0 1 0 
node_383 5 2 4 0 
node_384 5 1 4 0 
node_385 3 0 2 0 
node_386 3 0 3 0 
node_387 2 0 2 0 
node_388 1 0 0 0 
node_389 1 0 1 0 
node_39 4 2 3 0 
node_390 3 0 2 0 
node_391 3 0 3 0 
node_392 2 0 2 0 
node_393 1 0 0 0 
node_394 1 0 1 0 
node_395 2 0 2 0 
node_396 1 0 1 0 
node_397 7 6 6 0 
node_398 3 0 3 0 
node_399 1 0 0 0 
node_4 5 2 4 0 
node_40 4 0 4 0 
node_400 1 0 0 0 
node_401 2 0 1 0 
node_402 2 0 2 0 
node_403 2 1 1 0 
node_404 2 0 2 0 
node_405 5 0 4 0 
node_406 5 0 4 0 
node_407 6 1 4 0 
node_408 5 0 4 0 
node_409 5 0 5 0 
node_41 2 0 2 0 
node_410 4 0 4 0 
node_411 3 0 3 0 
node_412 2 0 2 0 
node_413 3 2 2 0 
node_414 4 1 3 0 
node_415 4 0 4 0 
node_416 3 0 3 0 
node_417 2 0 2 0 
node_418 1 0 0 0 
node_419 11 10 7 0 
node_42 2 1 1 0 
node_420 7 0 7 0 
node_421 4 0 4 0 
node_422 2 0 1 0 
node_423 2 0 2 0 
node_424 3 1 2 0 
node_425 3 0 3 0 
node_426 2 0 2 0 
node_427 3 0 3 0 
node_428 2 0 2 0 
node_429 8 0 8 0 
node_43 2 0 2 0 
node_430 7 0 7 0 
node_431 6 0 5 0 
node_432 6 0 6 0 
node_433 5 0 5 0 
node_434 4 0 4 0 
node_435 3 0 3 0 
node_436 3 0 3 0 
node_437 2 0 2 0 
node_438 1 0 0 0 
node_439 1 0 0 0 
node_44 2 0 1 0 
node_440 3 0 3 0 
node_441 2 0 2 0 
node_442 1 0 0 0 
node_443 1 0 1 0 
node_444 1 0 0 0 
node_445 1 0 1 0 
node_446 2 1 1 0 
node_447 2 0 2 0 
node_448 44 37 35 0 
node_449 29 4 27 0 
node_45 2 1 1 0 
node_450 26 0 26 0 
node_451 23 0 23 0 
node_452 21 0 20 0 
node_453 20 0 20 0 
node_454 18 0 18 0 
node_455 18 0 18 0 
node_456 17 1 15 0 
node_457 17 0 17 0 
node_458 17 2 15 0 
node_459 18 1 17 0 
node_46 2 0 1 0 
node_460 18 0 18 0 
node_461 16 0 16 0 
node_462 15 0 15 0 
node_463 13 0 11 0 
node_464 13 0 13 0 
node_465 11 0 9 0 
node_466 11 0 11 0 
node_467 9 0 9 0 
node_468 7 0 7 0 
node_469 5 0 4 0 
node_47 3 1 2 0 
node_470 4 0 4 0 
node_471 2 0 2 0 
node_472 4 2 2 0 
node_473 4 0 4 0 
node_474 5 0 5 0 
node_475 4 0 4 0 
node_476 2 0 2 0 
node_477 28 0 28 0 
node_478 14 1 12 0 
node_479 7 0 7 0 
node_48 3 0 3 0 
node_480 6 0 6 0 
node_481 5 0 4 0 
node_482 2 0 0 0 
node_483 13 9 11 0 
node_484 12 1 10 0 
node_485 16 4 14 0 
node_486 16 0 16 0 
node_487 16 0 16 0 
node_488 16 0 16 0 
node_489 16 0 15 0 
node_49 2 0 2 0 
node_490 15 0 15 0 
node_491 13 0 13 0 
node_492 11 0 11 0 
node_493 9 0 9 0 
node_494 7 0 7 0 
node_495 5 0 4 0 
node_496 4 0 4 0 
node_497 4 0 4 0 
node_498 2 0 0 0 
node_499 2 0 2 0 
node_5 2 0 2 0 
node_50 1 0 1 0 
node_500 9 0 8 0 
node_501 8 0 7 0 
node_502 7 0 7 0 
node_503 6 0 6 0 
node_504 4 0 3 0 
node_505 5 1 3 0 
node_506 5 0 5 0 
node_507 3 0 1 0 
node_508 3 0 3 0 
node_509 1 0 1 0 
node_51 1 0 0 0 
node_510 2 0 0 0 
node_511 2 0 0 0 
node_512 2 0 2 0 
node_513 3 1 1 0 
node_514 3 0 3 0 
node_515 15 0 15 0 
node_516 1 0 1 0 
node_517 1 0 0 0 
node_518 1 0 1 0 
node_519 14 0 14 0 
node_52 2 1 1 0 
node_520 12 1 11 0 
node_521 11 0 11 0 
node_522 4 0 3 0 
node_523 7 0 6 0 
node_524 4 0 4 0 
node_525 2 0 2 0 
node_526 0 0 0 0 
node_527 6 4 3 0 
node_528 5 0 5 0 
node_529 3 0 3 0 
node_53 2 0 2 0 
node_530 4 0 3 0 
node_531 3 0 3 0 
node_532 4 0 4 0 
node_533 2 0 0 0 
node_534 5 3 3 0 
node_535 3 0 2 0 
node_536 4 0 4 0 
node_537 3 1 1 0 
node_538 4 1 3 0 
node_539 4 2 2 0 
node_54 1 0 0 0 
node_540 4 0 4 0 
node_541 2 0 0 0 
node_542 2 0 0 0 
node_543 3 1 1 0 
node_544 3 0 1 0 
node_545 3 0 2 0 
node_546 3 0 2 0 
node_547 2 0 2 0 
node_548 2 0 0 0 
node_549 3 1 1 0 
node_55 2 0 2 0 
node_550 3 0 2 0 
node_551 2 0 1 0 
node_552 2 0 2 0 
node_553 1 0 0 0 
node_554 1 0 1 0 
node_555 2 1 1 0 
node_556 2 0 2 0 
node_557 4 3 3 0 
node_558 4 0 4 0 
node_559 3 0 3 0 
node_56 1 0 0 0 
node_560 2 0 2 0 
node_561 16 2 15 0 
node_562 14 0 12 0 
node_563 5 0 5 0 
node_564 4 0 4 0 
node_565 3 0 3 0 
node_566 2 0 1 0 
node_567 1 0 0 0 
node_568 1 0 0 0 
node_569 1 0 0 0 
node_57 1 0 1 0 
node_570 2 1 1 0 
node_571 2 0 1 0 
node_572 2 0 2 0 
node_573 2 1 1 0 
node_574 2 0 2 0 
node_575 1 0 0 0 
node_576 1 0 0 0 
node_577 13 2 12 0 
node_578 35 24 29 0 
node_579 22 3 20 0 
node_58 3 2 2 0 
node_580 3 0 3 0 
node_581 2 0 2 0 
node_582 23 2 18 0 
node_583 19 0 18 0 
node_584 19 1 16 0 
node_585 6 0 6 0 
node_586 2 0 2 0 
node_587 2 0 2 0 
node_588 0 0 0 0 
node_589 5 1 3 0 
node_59 3 0 3 0 
node_590 5 0 4 0 
node_591 16 0 14 0 
node_592 15 1 13 0 
node_593 8 0 6 0 
node_594 7 0 7 0 
node_595 4 0 1 0 
node_596 3 0 2 0 
node_597 9 0 8 0 
node_598 8 0 7 0 
node_599 8 0 8 0 
node_6 1 0 0 0 
node_60 2 0 2 0 
node_600 7 0 7 0 
node_601 5 0 4 0 
node_602 4 0 4 0 
node_603 2 0 2 0 
node_604 10 1 9 0 
node_605 6 0 5 0 
node_606 4 0 4 0 
node_607 2 0 0 0 
node_608 3 0 3 0 
node_609 5 0 5 0 
node_61 1 0 1 0 
node_610 4 0 3 0 
node_611 1 0 0 0 
node_612 24 2 23 0 
node_613 13 0 13 0 
node_614 9 0 9 0 
node_615 4 0 4 0 
node_616 2 0 1 0 
node_617 3 1 1 0 
node_618 2 0 1 0 
node_619 5 0 4 0 
node_62 1 0 0 0 
node_620 3 0 3 0 
node_621 4 0 4 0 
node_622 3 1 2 0 
node_623 3 0 3 0 
node_624 15 3 13 0 
node_625 14 1 13 0 
node_626 14 1 13 0 
node_627 12 0 11 0 
node_628 11 0 10 0 
node_629 9 0 9 0 
node_63 6 5 4 0 
node_630 3 0 3 0 
node_631 3 0 2 0 
node_632 2 0 2 0 
node_633 5 1 3 0 
node_634 5 0 5 0 
node_635 6 1 4 0 
node_636 5 0 5 0 
node_637 3 0 2 0 
node_638 4 1 3 0 
node_639 3 0 3 0 
node_64 2 0 1 0 
node_640 2 1 1 0 
node_641 2 0 2 0 
node_642 1 0 0 0 
node_643 7 5 6 0 
node_644 2 0 2 0 
node_645 6 0 5 0 
node_646 4 0 4 0 
node_647 6 2 4 0 
node_648 6 0 6 0 
node_649 7 3 6 0 
node_65 2 0 2 0 
node_650 7 0 6 0 
node_651 6 0 5 0 
node_652 6 0 5 0 
node_653 5 0 5 0 
node_654 3 0 3 0 
node_655 3 0 2 0 
node_656 7 4 4 0 
node_657 6 0 6 0 
node_658 3 0 2 0 
node_659 3 0 3 0 
node_66 1 0 0 0 
node_660 3 0 2 0 
node_661 4 0 4 0 
node_662 2 0 2 0 
node_663 2 0 2 0 
node_664 0 0 0 0 
node_665 2 0 2 0 
node_666 2 0 2 0 
node_667 4 1 3 0 
node_668 3 0 3 0 
node_669 8 6 6 0 
node_67 7 6 4 0 
node_670 7 0 7 0 
node_671 6 0 6 0 
node_672 4 0 4 0 
node_673 3 0 3 0 
node_674 2 1 1 0 
node_675 2 0 1 0 
node_676 2 0 2 0 
node_677 2 1 1 0 
node_678 2 0 2 0 
node_679 3 0 3 0 
node_68 7 0 7 0 
node_680 2 0 2 0 
node_681 2 1 1 0 
node_682 2 0 2 0 
node_683 2 0 2 0 
node_684 4 3 3 0 
node_685 4 0 4 0 
node_686 3 0 3 0 
node_687 2 0 2 0 
node_688 5 0 5 0 
node_689 4 0 4 0 
node_69 2 0 1 0 
node_690 2 0 2 0 
node_691 1 0 0 0 
node_692 1 0 1 0 
node_693 1 0 0 0 
node_694 3 1 1 0 
node_695 3 0 3 0 
node_696 2 0 1 0 
node_697 2 0 1 0 
node_698 1 0 0 0 
node_699 1 0 0 0 
node_7 1 0 0 0 
node_70 2 0 2 0 
node_700 2 0 2 0 
node_701 1 0 1 0 
node_702 2 1 1 0 
node_703 2 0 2 0 
node_704 3 2 2 0 
node_705 2 0 2 0 
node_706 1 0 0 0 
node_707 3 1 2 0 
node_708 2 0 1 0 
node_709 2 0 2 0 
node_71 5 0 5 0 
node_710 3 1 1 0 
node_711 3 0 3 0 
node_712 1 0 0 0 
node_713 4 2 2 0 
node_714 4 0 4 0 
node_715 2 0 2 0 
node_716 2 0 1 0 
node_717 1 0 0 0 
node_72 4 0 4 0 
node_73 3 0 3 0 
node_74 2 0 2 0 
node_75 3 0 3 0 
node_76 2 0 2 0 
node_77 6 0 6 0 
node_78 8 5 7 0 
node_79 4 0 3 0 
node_8 5 4 3 0 
node_80 2 0 2 0 
node_81 3 0 3 0 
node_82 2 0 1 0 
node_83 2 0 2 0 
node_84 1 0 0 0 
node_85 2 1 1 0 
node_86 2 0 2 0 
node_87 1 0 0 0 
node_88 10 5 8 0 
node_89 6 1 5 0 
node_9 3 0 3 0 
node_90 14 8 13 0 
node_91 15 1 14 0 
node_92 16 1 15 0 
node_93 16 0 15 0 
node_94 16 0 16 0 
node_95 17 2 16 0 
node_96 19 2 18 0 
node_97 19 0 19 0 
node_98 19 1 18 0 
node_99 21 2 20 0 
